-0.3749686654769757	0.44999221102399667	-0.4940568208694458	0.43746522068977356	-0.4631015948002681	0.4078011904141283	6.696865284538944e-13
-1.7368594966744308	0.8125772142168426	-1.747073769569397	0.8520496487617493	-1.7897270196268062	0.8956917053623396	6.004086117172847e-13
0.3577389489250997	0.22818783311461477	0.6000791788101196	0.272320419549942	0.588908661194521	0.2873819065715205	5.337952302397753e-13
0.1435280423005847	0.4150696875641795	0.02509930543601513	0.38143786787986755	0.01896778457041676	0.40858514047807715	1.052744696972141e-12
0.473872666005017	-0.3748030773330364	0.41380926966667175	-0.4423254430294037	0.42993846117852313	-0.4660885513086065	1.0835776720341528e-13
0.8583308918363803	0.4811098189080738	0.9462990164756775	0.365776926279068	0.9053814061227938	0.32392228247079624	5.684341886080802e-14
-0.055830491301749774	0.88604050343893	-0.0933384895324707	0.8951377272605896	-0.08388280767047235	0.998999954537869	0.0003497843232267428
0.4466703945050914	-0.0928052561561723	0.28424131870269775	-0.15376712381839752	0.2543776203658979	-0.16660671177992714	8.615330671091215e-14
-0.8325963542967108	0.03748460204817916	-0.8118553757667542	0.035418760031461716	-0.7712063710092347	-0.009369026201206995	1.6930901125533637e-14
0.43271722689026326	0.9355999415838563	0.37640154361724854	0.844211220741272	0.3274178695954602	0.8410166165773597	7.194245199571014e-14
0.6012354571498766	-0.22184243432631456	0.39574572443962097	-0.4043664336204529	0.383208383988445	-0.4465289059457326	2.0605739337042905e-13
-1.4258697145913795	0.7014575917483994	-1.5119885206222534	0.8100563287734985	-1.5339396355807786	0.8337731076638222	1.4210854715202004e-14
0.12301324181133211	-0.04030089657361513	0.28744933009147644	0.020822899416089058	0.31350072236642074	0.016812049815317365	4.3645642655576466e-14
0.047884196728430695	-0.7676269350408733	-0.004236788488924503	-0.6247847080230713	0.01884196522670145	-0.6820357680467024	2.817906498420175e-14
0.7157445446213706	0.714498852947141	0.7642369270324707	0.7034806609153748	0.7512551717816213	0.7127149837549727	2.5934809855243657e-13
-0.4675273817300001	0.6681718489237822	-0.5863530039787292	0.7467551827430725	-0.527166508983413	0.7067128622552237	3.197442310920451e-13
0.22681618888657162	0.20736399714317177	0.2461891770362854	0.495523601770401	0.24675524230199689	0.4966089651318282	4.9960036108132044e-14
-0.19368557777261453	-0.32464089268415885	-0.0931563451886177	-0.24207299947738647	-0.10869978414892985	-0.25874222964254123	2.707278845548444e-13
1.5767377155724285	0.9249159064301662	1.6073880195617676	0.8857871890068054	1.634336869818597	0.933175579067804	1.4566126083082054e-13
0.9955815739675389	0.1530899845259086	0.9532763957977295	0.05133732408285141	0.9647076989325053	0.05182369840457024	6.356026815979021e-14
-0.5587008614215909	-0.3156248634608376	-0.5781133770942688	-0.31187036633491516	-0.552983919789232	-0.3304950508022134	3.552713678800501e-14
1.0914521139657283	0.7853052218630541	1.1743204593658447	0.8121286034584045	1.170024484776627	0.8128990641237557	4.298783551348606e-13
-0.5070579011419762	0.6709905725684866	-0.5155011415481567	0.8057532906532288	-0.5087097822106799	0.793572459113835	3.197442310920451e-13
0.6110245728350252	0.014458623246303759	0.3554636538028717	-0.22569730877876282	0.30031840995835396	-0.24590423213160378	2.886579864025407e-13
-1.0722956421381622	0.38859575650460054	-1.0369588136672974	0.36688295006752014	-1.0542098646775302	0.3768604030135816	1.5010215292932116e-13
-1.061804655244078	0.11996096696902159	-1.052510142326355	0.1737845093011856	-1.0581907870728142	0.16581414355724364	5.331290964250002e-13
-0.5243536909766862	0.02738195665086729	-0.6186748743057251	0.1284114420413971	-0.6544465398835333	0.16836593711854528	1.6209256159527285e-14
-1.6122283602552856	0.8283020732556603	-1.4440491199493408	0.7129642963409424	-1.45903956090057	0.7380545548289144	2.4016344468691386e-12
0.11100391917857566	-0.19372599291448944	0.024520520120859146	-0.29144060611724854	0.018807892498334557	-0.30660749535411125	3.6537786685109097e-13
0.6934208346553672	0.17086919919818633	0.5946048498153687	0.09529492259025574	0.6156540565162804	0.11128529343696551	8.881784197001252e-14
-0.7246331649154909	0.08180049135855705	-0.5508756637573242	-0.017398551106452942	-0.5478042720231217	-0.007066865091435883	1.9595436384634013e-14
0.30174045366157864	-0.5272172632222873	0.2735469341278076	-0.40989017486572266	0.2699946989901742	-0.40096517782176677	6.483702463810914e-14
0.6425316897781546	0.7335265729331724	0.7072204351425171	0.6361461281776428	0.7290142354224861	0.6517662817223641	2.8421709430404007e-13
-1.1498714884958967	0.4184175016470606	-1.1366914510726929	0.3457775115966797	-1.143326909879289	0.34213939506056984	1.509903313490213e-14
0.2567539209690919	0.0016480635035085456	0.19671380519866943	0.09916850179433823	0.19319365728618124	0.15135047357109513	1.6800449920140181e-12
0.3300451447801107	0.7972184854864981	0.37752676010131836	0.8415829539299011	0.3805979130379795	0.8545526059241386	4.440892098500626e-13
-0.5148637780622884	0.7252261716481598	-0.3582693934440613	0.7672103047370911	-0.3331277568324242	0.7464325591005463	3.2862601528904634e-14
-0.3207317065265656	-0.2158403283218049	-0.2599915564060211	-0.26601582765579224	-0.26580636658727	-0.28370282233104493	1.2967404927621828e-13
-0.4213493904813608	0.27621743939868715	-0.45772358775138855	0.2380422055721283	-0.45549205970080725	0.25080431392062735	3.588240815588506e-13
-0.6397187304496899	-0.21642720875864407	-0.5798330307006836	-0.3024301826953888	-0.6044406557836492	-0.28373828605525964	7.176481631177012e-13
-0.7010637208207369	-0.29527971910396933	-0.7365691065788269	-0.180889293551445	-0.7657967139521998	-0.23420261900240566	5.284816779416168e-5
0.7795109995664782	0.8733355127289761	0.922373354434967	0.9260331392288208	0.9640437242892741	0.9989999082996663	0.00013000533673590553
0.029381231236571104	0.8146961063364917	-0.026202915236353874	0.8210234045982361	-0.03322908698085557	0.8377193243399237	4.629976957382098e-14
-0.6334590789551249	0.434079558016216	-0.7401387691497803	0.5611293911933899	-0.7356756353252177	0.5608357117069975	6.039613253960852e-14
-0.08253890067883685	-0.8501764124671107	-0.038434240967035294	-0.8537150621414185	-0.060118410870144724	-0.9398809420111633	8.722599347012194e-5
1.1795021011824747	0.4453496278090501	1.2738808393478394	0.5770475268363953	1.265807565393227	0.5596392760224036	1.4210854715202004e-14
1.7313040576840346	0.7555163502480453	1.8464592695236206	0.868410587310791	1.9372700730531025	0.9425770558788075	1.1555518213413052e-5
0.050282649528894385	-0.4632007429008502	-0.08968485891819	-0.297148197889328	-0.11249083917316913	-0.3264927636057993	2.942091015256665e-13
-0.34491564747144565	-0.20997783648353208	-0.3679749369621277	-0.16337531805038452	-0.3728665565119051	-0.1516866550308677	8.637535131583718e-14
-0.6034409897421056	0.17693712578411835	-0.5367483496665955	0.0918189212679863	-0.5604650072580151	0.12262930176588702	2.300937218535637e-13
0.1229514401807581	-0.7066045007579973	0.08313573151826859	-0.6610225439071655	0.08153843385553412	-0.6734356621740918	4.996003610813204e-16
0.1790117368806734	-0.031176810709762748	0.20223693549633026	-0.01614188589155674	0.18331336440935952	-0.020012615601117133	3.0730973321624333e-13
-0.14061260533690856	-0.04812251745536278	-0.172884002327919	-0.14618037641048431	-0.18756301891993293	-0.12657944279952937	4.440892098500626e-15
1.3486286356158077	0.49401463618691444	1.2857799530029297	0.5046945214271545	1.2740339390864126	0.5016241688606771	9.983125437429408e-13
-0.49615876252190727	0.1521590809979465	-0.3859018385410309	-0.07855001091957092	-0.3939567029587432	-0.040682861186635486	2.2426505097428162e-14
-1.2404549846968629	0.9403423233662236	-1.2769598960876465	0.9553671479225159	-1.3512969772715084	0.9989999670757841	0.0023928998560478476
0.0874370894769525	0.3031358921906684	0.030940430238842964	0.1799653023481369	0.0211933376537346	0.1562100882916601	1.1018963519404679e-13
-0.1289744413388405	-0.4868867207622438	-0.03502117842435837	-0.5925363302230835	-0.06906531682696537	-0.622678375778952	6.475375791126226e-13
-0.9362769489654839	0.7893977997474837	-0.8447558879852295	0.7198427319526672	-0.8651073134340851	0.7032840342052599	2.021494083237485e-12
-0.284018794725303	0.22797931048138587	-0.32049643993377686	0.4004383385181427	-0.3157154797768097	0.41434838476549646	6.270539643082884e-13
-0.2739720466786548	-0.04060717704481487	-0.17105376720428467	-0.00818793848156929	-0.11054166146141044	-0.029689385775669562	1.0818602957929357e-14
-0.3318711368260199	-0.3767505331241119	-0.4777829647064209	-0.24784518778324127	-0.45754656361811863	-0.2439568438714071	1.1546319456101628e-14
0.9178291261836184	0.43460802713814917	1.094437599182129	0.6246540546417236	1.0977172189092437	0.6115991270162029	1.0302869668521453e-13
1.1093749421978933	0.5103899688220113	0.9707079529762268	0.398937851190567	0.9626408289474798	0.3938837899185629	7.105427357601002e-15
-0.4182121187906409	0.3453440414907545	-0.561244785785675	0.5500773191452026	-0.5500703824480185	0.5537490776021258	2.0605739337042905e-13
0.2908644284217905	0.025092464232171263	0.2342577576637268	0.048562198877334595	0.21476893429433652	0.03631323949656508	3.402833570476105e-14
-0.8434370876581196	0.5670736186297969	-1.0395523309707642	0.7097097635269165	-1.0338036987504702	0.686967198055886	8.562039965909207e-13
-0.8246418431113645	0.8551325904296261	-0.7772615551948547	0.924013078212738	-0.79852901768512	0.9989998350088624	9.984788107431086e-9
-1.0010933014930319	0.7972124639792713	-0.9400280714035034	0.6645277738571167	-0.9318732687050318	0.6627659061606438	2.842170943040401e-14
0.411123260347237	0.567944246435061	0.5508152842521667	0.49416154623031616	0.5387087772199046	0.5149819965983623	9.681144774731365e-14
-0.22448401593938883	-0.448124609172476	-0.19147108495235443	-0.4094005525112152	-0.175130106007901	-0.4553813203981847	9.210410212290299e-13
-0.8274545148561709	0.3252427570863501	-0.832689642906189	0.4245891869068146	-0.836385797174602	0.4158929363234929	8.970602038971265e-14
-0.9160881896594057	0.7822097814049942	-0.935943603515625	0.8071677088737488	-0.9483750095745116	0.795135434345364	2.1671553440683056e-13
-1.6226689628988349	0.988728888449286	-1.4767100811004639	0.8561659455299377	-1.5151754016760421	0.8940599836948462	2.7995383788947947e-12
0.5302459640394641	0.19099083502021608	0.634854793548584	0.3392089605331421	0.6328676677243831	0.3448597651285369	3.161915174132446e-13
0.393188092427311	-0.11441792089648284	0.30681896209716797	-0.18154023587703705	0.2971569084329509	-0.23428532800604912	5.730971253115058e-13
0.006122301683345821	-0.09752589480183271	0.06229909509420395	-0.03214170038700104	0.05939991268886327	-0.04636778450083068	3.027855743908958e-13
-0.8076337097987794	0.7579772220416696	-0.5616279244422913	0.6034693717956543	-0.5451798294533091	0.5878946529921931	1.4210854715202004e-13
-1.5590290452647393	0.589852406377757	-1.6535640954971313	0.6947373151779175	-1.6494188819987168	0.6941469044162338	3.694822225952521e-13
-0.8278923252730528	0.5912481164722379	-0.8592079877853394	0.5273046493530273	-0.8496608575532042	0.5132182724388638	8.881784197001252e-14
1.4643162849572717	0.9948383921022028	1.475742220878601	0.9431053400039673	1.532295612585055	0.9989996396245392	0.0024882450323850946
1.1708655994424184	0.2617583327311419	1.2287787199020386	0.26221901178359985	1.2853916881341447	0.2853917373112737	1.1649782600819947e-5
-0.7274357681552601	-0.11576983443985722	-0.74125075340271	-0.1512211263179779	-0.7826209069688715	-0.13405255337820904	1.4210854715202004e-13
-0.9824091324282582	0.9177112728729693	-0.8717986345291138	0.8326482772827148	-0.8760620102414136	0.8428937201434583	4.618527782440651e-14
-0.7142155626848004	0.970259777387436	-0.6714971661567688	0.9172075986862183	-0.682804841091966	0.9308569643754832	1.0302869668521453e-13
-1.4554201741121413	0.9807165467548473	-1.3942495584487915	0.8700641393661499	-1.4230001370095673	0.8972854848580615	3.552713678800501e-13
-0.913210635343956	0.6454050823528821	-0.8022909760475159	0.6246792078018188	-0.7918391385357314	0.6001799314971292	2.518873998269555e-12
0.3024646754975553	0.2000250365646954	0.3209618628025055	0.2671581208705902	0.3272762046528924	0.3063585124329019	6.483702463810914e-14
-1.1304845517758477	0.8720948856500761	-1.2244164943695068	0.8313566446304321	-1.213117452161773	0.8049240901437236	9.663381206337363e-13
-0.06524604148181679	0.9512181816148204	-0.022828079760074615	0.9005747437477112	-0.06715079647544978	0.9875394731029655	4.232725281383409e-15
0.8283938652103093	0.9118142237405509	0.7977818846702576	0.9248577356338501	0.8067300864595423	0.9989998583305587	2.062143204284439e-5
-0.0218937560140251	-0.46085756202863637	-0.24258539080619812	-0.5282793045043945	-0.23609849146798276	-0.5656003180485814	8.135714324453147e-13
1.3418515314686585	0.9348539848024129	1.3414164781570435	0.9331375956535339	1.3887211675218536	0.9989999469116416	0.0004298316988986528
-0.9117588359317215	0.6936865007849848	-0.7746896743774414	0.6046625971794128	-0.7840892484232144	0.5979960015371215	1.8829382497642655e-13
-0.28814156826236115	-0.3165447987480261	-0.2056572288274765	-0.26544415950775146	-0.20310057683036575	-0.26301989351292987	3.0753177782116836e-13
-0.9968936501529728	0.519648503760348	-1.0898195505142212	0.6427884697914124	-1.0952184012310926	0.650303031564466	1.7763568394002505e-14
0.12581269840437193	0.013474685770715089	-0.09264945238828659	-0.13250459730625153	-0.13202679637190814	-0.16829150784241997	1.1945999744966684e-13
0.26730997353096875	0.25616098900889606	0.3608456254005432	0.24837788939476013	0.33351401223142413	0.23355717278725613	3.752553823233029e-14
-0.6078282977360185	0.26147348720880337	-0.7981820106506348	0.3930591940879822	-0.7419420692911523	0.3476032789915495	2.842170943040401e-14
1.4643560892637075	0.47453221127268885	1.3472003936767578	0.40500208735466003	1.3494014131415613	0.40277078090326424	8.881784197001252e-14
-1.0278453526790416	0.21371811289763598	-0.9687932729721069	0.05461043864488602	-0.9654766672076804	0.036691798023958895	3.752553823233029e-14
1.843407885358603	0.9761771778972597	1.8158864974975586	0.9157641530036926	1.881125810676678	0.9989999397304847	0.00024967125978037075
0.1861065140626006	-0.5539113139625136	0.172890767455101	-0.6784287691116333	0.17373356764599335	-0.6999681734049958	3.1463720517876936e-13
0.7391737816131672	0.6660123495046419	0.8318993449211121	0.7044467329978943	0.8197392020595194	0.7028332463872949	2.913225216616411e-13
-0.6733389229080116	-0.29190723225223336	-0.5835668444633484	-0.34393954277038574	-0.6235547728916219	-0.37644477350606625	0.00040627081365673945
0.49753950251070034	0.4884327207005099	0.5450498461723328	0.5684289932250977	0.5413473473003488	0.5984112668494	1.5099033134902129e-12
-0.45709910142477206	0.9079848932967522	-0.5442187190055847	0.8945116996765137	-0.5541445392616294	0.9071147374593068	8.881784197001252e-14
0.2032845211409291	0.15432929463869027	0.17579808831214905	0.19930537045001984	0.1637698358618424	0.22477468037467127	7.038813976123492e-14
0.0396310112066649	-0.45728679281464957	0.12392981350421906	-0.4165816903114319	0.12587622544442406	-0.4359354169303369	6.963318810448982e-13
-0.01232805801234882	0.4763938893255779	-0.030980607494711876	0.5370885133743286	-0.048339164030735716	0.558666749951827	6.66054017495199e-13
0.9036461543931726	0.9255744645976676	0.9689832925796509	0.9389620423316956	1.023477288870703	0.9989999710976722	0.0010800642259951587
-0.8678234481360332	0.013177417969899796	-0.8518131971359253	0.07766545563936234	-0.8237855309603733	0.05898775517422444	2.7555735471196385e-13
0.6958682439862272	0.8148392888232694	0.6293025016784668	0.8306533098220825	0.6214836917967173	0.8092427108639889	8.881784197001252e-14
-0.3227117781322746	-0.31434438000054077	-0.3840957283973694	-0.37592843174934387	-0.39278585874426264	-0.3416104215341468	6.270539643082884e-13
1.1617899590654654	0.8593334927961507	1.0729889869689941	0.8048519492149353	1.087652419985679	0.8010855382911668	2.5934809855243657e-13
-1.180249302467458	0.4962648888649206	-1.1405061483383179	0.314674973487854	-1.1406556609665728	0.28755523008552947	5.551115123125783e-13
1.6893045828707716	0.7763610136229591	1.5997722148895264	0.7047731280326843	1.6137666023243995	0.7146126716855068	4.618527782440651e-14
1.2262158241121663	0.2416570400459952	1.2422640323638916	0.27734649181365967	1.2838629944778277	0.2838632240536203	8.614953450436502e-5
-0.44707589428939	0.9321223078821144	-0.4043525457382202	0.920372724533081	-0.3949608455398506	0.972333341244123	6.039613253960852e-14
-0.04375165732681596	-0.9294499723661069	-0.024713877588510513	-0.857542097568512	-0.06670488486956674	-0.9332947527054942	1.2127711081610926e-5
-1.11546624130382	0.22493431609749348	-1.1831576824188232	0.43626970052719116	-1.1870178679473726	0.4100610538397818	2.220446049250313e-14
-0.018468648680869393	0.5785757949924302	0.018081577494740486	0.5176875591278076	-0.0033039575611219507	0.556955579110931	3.277378368693462e-13
1.788937838743923	0.8498869614920368	1.718207836151123	0.7584244608879089	1.6994793318747867	0.7425160496574416	4.618527782440651e-14
0.7107871313466383	0.34010893974834633	0.703739583492279	0.1907310038805008	0.6527146107932622	0.14199155844177802	1.8673951274195133e-13
-0.30196592954310253	-0.5329157064008205	-0.406474232673645	-0.44124653935432434	-0.3678335691687683	-0.49324103316489115	4.707345624410664e-13
-1.7012152200671888	0.7726424335038851	-1.545153021812439	0.6512925028800964	-1.570849942976087	0.6842095241536116	3.161915174132446e-13
-1.182273081522394	0.506736889119705	-1.233288288116455	0.6055467128753662	-1.24542387729298	0.601443220861529	2.3092638912203256e-13
1.1808953024824351	0.3160031644656014	1.1963523626327515	0.38331225514411926	1.1997787423229032	0.37922352100524287	7.105427357601002e-14
-0.7588655102138699	-0.15431508721232667	-0.5018942356109619	-0.2826504111289978	-0.4832006996867771	-0.3195887506105126	3.6415315207705135e-14
0.1199442855171946	-0.623943702628913	0.1126488670706749	-0.6549708843231201	0.11600095560172488	-0.644574513568728	1.4210854715202004e-14
1.6554917996205796	0.8101891311823199	1.5474244356155396	0.7121180891990662	1.526595526262908	0.7022502885617993	2.3092638912203256e-13
0.14612584650213423	-0.2760565451386443	0.2555893063545227	-0.267286092042923	0.2300300211908031	-0.3275685348678766	2.282618538629322e-13
-0.4858828128210302	0.4416450764822466	-0.509105384349823	0.3916698098182678	-0.5498346495348341	0.3936804677645474	1.7763568394002505e-13
0.700083117233544	0.43598356820835793	0.7199035882949829	0.4034690856933594	0.694074741764614	0.3857231207421887	8.748557434046234e-13
1.0393222876767325	0.5678483309952014	1.0366417169570923	0.6491949558258057	1.0341760976336454	0.660689001680914	2.575717417130363e-12
0.09075630807472068	0.6182151056388452	0.06730145961046219	0.6504639983177185	0.0391524351533588	0.6412550396139102	2.936539900133539e-14
1.336531218736877	0.3714270479936419	1.3491384983062744	0.376579612493515	1.4022037549198305	0.4022038758645883	6.191214717521376e-5
-0.17968255084241225	0.6687484411755564	-0.05526511371135712	0.5292266011238098	-0.07006989501992991	0.5715711078552319	7.860934125858421e-13
-0.5568319492524783	0.10063465315117748	-0.5887852907180786	0.2816917300224304	-0.5516897267332099	0.21229109614282965	3.765876499528531e-13
1.527768124747325	0.9618858631518594	1.5321192741394043	0.9056189060211182	1.5790591123596145	0.9901601239328585	2.842170943040401e-14
0.5180692779079852	0.6497079464590962	0.7166615724563599	0.6008697748184204	0.7455955532558239	0.6254477670139761	1.1368683772161603e-13
0.7237019939569027	0.9754017886466857	0.6898493766784668	0.8398594260215759	0.695267818681278	0.8475763857075618	5.684341886080801e-13
-0.9682969077044836	0.993187082876531	-0.9892485737800598	0.9490668773651123	-1.0670467188596473	0.9989999158567051	0.0028800410008358313
0.5077825192140013	-0.15437961867992156	0.5279892683029175	-0.16509348154067993	0.5136831862272627	-0.205670358037245	3.219646771412954e-14
-0.6604474659936024	0.4953905801101799	-0.6795566082000732	0.5190987586975098	-0.6685854624383056	0.5157591071088281	1.4210854715202004e-14
0.4294262331244272	0.6221252258498529	0.30648335814476013	0.5790002942085266	0.30314978838407525	0.5683475399973834	1.3233858453531866e-13
-0.5508135516479546	-0.30126338323432056	-0.4854699969291687	-0.4354953467845917	-0.50016043462567	-0.49983896465081346	6.419570456195345e-5
0.7418503427795322	-0.032906348683186204	0.8771935701370239	0.01081326138228178	0.9021087200842547	-0.015225309249764986	9.61947535516039e-14
0.7269023383873057	0.5220029373246791	0.6248010396957397	0.4694855511188507	0.6030687803132939	0.45426363597961583	7.904787935331115e-14
-0.5683049483107903	0.6492527591828714	-0.6822291016578674	0.5776138305664062	-0.6821991392069222	0.5108130705625369	5.293543381412746e-13
0.4196737730463642	0.7333749273381838	0.4404616057872772	0.6450292468070984	0.4578575075336473	0.6803486218950535	3.161915174132446e-13
-0.009184170236444356	0.6379601818349496	-0.09384159743785858	0.6323375105857849	-0.06882350880622791	0.6196980711119375	2.4741320103771614e-13
-0.2230197780223362	0.7074322072153043	-0.2207653969526291	0.6698908805847168	-0.2507624897931477	0.695763702992216	7.993605777301127e-15
0.08030136363173535	-0.43266002643193513	0.009149675257503986	-0.48250818252563477	0.01283657441177498	-0.505191110932314	1.0747739503935705e-13
-1.1029191993605685	0.2688281646932389	-1.1478121280670166	0.2926054298877716	-1.160754875203137	0.2925711914528367	8.615330671091215e-14
-0.9567239979405162	0.9452795006814843	-0.8603236079216003	0.87689608335495	-0.8842996401771055	0.878759425097605	2.0605739337042905e-13
1.0562030227991581	0.6714300051089479	1.0584726333618164	0.657063901424408	1.0311920028699924	0.6440493405451819	7.105427357601002e-14
-0.7674032506694113	0.3254814506686121	-0.5352789759635925	0.11727115511894226	-0.5201656080303345	0.10110498351123871	6.483702463810914e-14
-0.6822021119889898	0.37139267158464406	-0.6376592516899109	0.4280446469783783	-0.612826330507596	0.41753230730034085	4.733990977001667e-13
-0.7286031865225864	0.55087052823436	-0.7732377648353577	0.5725234150886536	-0.7362294542770993	0.5258614085379196	9.237055564881302e-14
-0.34396990570355834	-0.07155383769033352	-0.31367623805999756	-0.24722790718078613	-0.3329900255524986	-0.2627227158354518	1.2878587085651816e-13
0.7347165145886265	-0.14189333093210177	0.7408840656280518	-0.08401858806610107	0.7361730818813924	-0.1154882417722464	4.459210778406941e-13
-0.03764625181750425	-0.18032573871637148	-0.11064852774143219	-0.23949389159679413	-0.15093510084369444	-0.22294938926010804	2.7200464103316335e-15
0.46124173650384215	0.634622670830276	0.44572389125823975	0.6762376427650452	0.45308454889561045	0.6803648757941801	1.3145040611561853e-13
-0.8212936270258919	0.21579381070709824	-0.8520187735557556	0.2515426576137543	-0.8854018265517325	0.24667105127496633	1.7763568394002505e-13
1.9147957929759958	0.9688632223893463	1.8031301498413086	0.8310797810554504	1.8072421466341209	0.8331344985239538	3.197442310920451e-14
-1.4722013591873844	0.8228313539447429	-1.4874218702316284	0.782573938369751	-1.4971579613938608	0.7971212928877193	3.694822225952521e-13
1.1834646805488713	0.6827441501212228	1.348332166671753	0.8308317065238953	1.3043278442472028	0.8077524842400267	3.161915174132446e-13
-0.275991513216415	0.05563775051388431	-0.31046122312545776	0.1568792760372162	-0.26609973514565854	0.11833376630757302	1.2878587085651816e-13
-0.48267718815126814	-0.3581234405914686	-0.4031272530555725	-0.3257645070552826	-0.3949669021645416	-0.3445733319340267	4.565237077258644e-13
-0.38097160344352243	-0.3640043613567272	-0.34880390763282776	-0.2864226996898651	-0.35336695803570634	-0.28441146530086653	7.993605777301127e-14
-1.2855405446702495	0.8649252656433026	-1.2755720615386963	0.9072663187980652	-1.2743541402193883	0.8994071517736992	3.552713678800501e-15
-0.33332798861139645	0.03832636549081303	-0.13031069934368134	-0.04513479024171829	-0.13540247022041443	-0.06856579977407586	2.3187007869296394e-13
-1.7382386878408749	0.7452973086480026	-1.756376028060913	0.7621014714241028	-1.7741580807200483	0.7747264046150103	0.00016376250001215453
1.3734771172902596	0.5992253436806194	1.4038363695144653	0.588114857673645	1.4216995231399818	0.5974321647265635	1.3145040611561853e-13
0.05410394893396253	-0.3153162101671252	0.054190926253795624	-0.14378678798675537	0.10947788043815711	-0.18659140047418932	2.310651670001107e-14
-0.19466316219373025	0.4846680404226458	-0.20808358490467072	0.5377316474914551	-0.1931698394216822	0.5322836528689626	1.7763568394002505e-14
1.6346928900392235	0.9037053157397341	1.6463173627853394	0.8446059226989746	1.6744530260512305	0.8837409444832873	1.4566126083082054e-13
-1.0435574044428124	0.08607029107300801	-0.9126458168029785	0.02382173389196396	-0.9128285226562235	0.011267447309955431	6.497580251618729e-13
-0.44625072012443745	0.42419775316964525	-0.4098140299320221	0.49636703729629517	-0.4157258786137669	0.4792208589822901	1.226574397605873e-12
0.9803459079771	0.4014606104052294	0.9591724276542664	0.39825132489204407	1.012742477525327	0.4186231579658502	1.0302869668521453e-13
0.055379762747655104	-0.4883470484122212	0.11605183035135269	-0.5786129832267761	0.09412861641363662	-0.6080848975274943	3.197442310920451e-14
0.555881915532876	-0.18131966883981443	0.5935735106468201	-0.21382585167884827	0.5716865925118938	-0.22036734887624873	7.851497230149107e-13
1.4001929819973058	0.9375215489279116	1.4304795265197754	0.9427239298820496	1.4718501299992484	0.9989994451119417	0.0004195254039025542
1.0888142654085518	0.45932230323600787	1.1264694929122925	0.513352632522583	1.135554497189162	0.5237042248295075	2.4158453015843406e-13
-1.513134998756409	0.6831775428882016	-1.6529219150543213	0.8272894024848938	-1.690513033570139	0.855152741214401	1.4210854715202004e-13
0.3156569087189238	0.4405348645326457	0.2794404923915863	0.541928768157959	0.2663318867223309	0.5611722102312339	7.549516567451064e-14
1.7374751818041565	0.8547749313783037	1.7139241695404053	0.8405424356460571	1.7181179109666602	0.8326288965028118	1.0302869668521453e-13
-1.2229554509697964	0.7379032853553791	-1.2604076862335205	0.8611962795257568	-1.2601529199912487	0.8660225114900802	3.552713678800501e-15
-0.782342623349308	0.6511062134150309	-0.6770697832107544	0.6056392192840576	-0.6590972546417301	0.5588313360093836	3.197442310920451e-14
-1.0335024436633948	0.48274090312226003	-1.0166691541671753	0.5070602297782898	-1.0439263060410942	0.5306800923742765	1.8829382497642655e-13
0.08706743947100559	-0.7626298336610451	0.09506173431873322	-0.7622495889663696	0.1172606636751215	-0.8040904055257491	1.5010215292932116e-13
0.21490203283207387	0.21594843045695256	0.2023693472146988	0.20537303388118744	0.20197275620853203	0.2171807329391421	1.1852741010898171e-12
1.1615832073428645	0.7498205013217918	1.3167641162872314	0.8639255166053772	1.3011127053013314	0.8644828675099158	5.684341886080802e-14
0.03125113755645348	0.04140247016278442	0.014959846623241901	-0.09114864468574524	0.021307884535370976	-0.12778317059270883	4.072089887507957e-14
0.43612291701498673	0.7574001023814865	0.45033493638038635	0.6946617960929871	0.456770727712278	0.7089941966510885	5.417888360170764e-14
-0.28791131267950343	0.5875139693298206	-0.3332645893096924	0.6131630539894104	-0.3069794693143558	0.5870157424811222	1.7763568394002505e-14
-1.0839485407062939	0.8576990170780292	-1.048336386680603	0.7066726088523865	-1.068488527835634	0.7038607802534277	1.8829382497642655e-13
1.5806372293435462	0.8292450814190626	1.639939546585083	0.9234679341316223	1.7112392973510295	0.9989998626410225	0.0005007181452043596
-1.0142201123828163	0.45711022098337106	-0.9181468486785889	0.40660637617111206	-0.9129058120797334	0.37965884809366474	1.4210854715202004e-13
-0.33946451571003955	0.4589907199498593	-0.1897154152393341	0.46617162227630615	-0.2020552321641679	0.4922615964954672	1.0091927293842673e-12
0.48381652097835426	0.3648664498095644	0.5226510763168335	0.5557532906532288	0.5203236261474987	0.5446932680952983	1.8474111129762605e-13
0.9749472119059068	0.7153669802903104	0.9336361885070801	0.6665670275688171	0.9340666603689695	0.6582799716568989	4.618527782440651e-14
-0.3513667691045357	-0.17275152578009534	-0.2539381682872772	-0.11891715973615646	-0.21305920053252658	-0.1195792098684447	4.668487818548783e-14
1.104379423731701	0.2432581646918155	1.198509693145752	0.2752549350261688	1.1899832581718448	0.2746496818482838	7.105427357601002e-14
-0.5249098411257291	0.41048622403692336	-0.5802357792854309	0.4226784110069275	-0.5501946703702598	0.410293796621272	2.6618707238412753e-12
0.01292924508039528	-0.3844804752239779	-0.01254700031131506	-0.3972913920879364	-0.015358161117719543	-0.4094342476850742	6.864309468057606e-13
-0.1713579677558088	-0.017938621917591657	-0.17831596732139587	0.0392083115875721	-0.1599678402628745	0.04776619652262435	1.7520707107365752e-13
-0.1803171398592065	-0.3226313356626598	-0.14141283929347992	-0.2324283868074417	-0.17771159087131247	-0.23818145543365568	1.2989609388114332e-13
-0.29154569129048635	-0.05840326554122699	-0.3184134364128113	0.053795501589775085	-0.31241751707786797	0.06465428860971043	1.384239944890453e-12
-0.8855239698448769	0.3138541372038852	-0.8669012188911438	0.44319453835487366	-0.8768700820745903	0.4295562078469633	3.9968028886505635e-14
0.7250579446155583	-0.13347565126987915	0.7001933455467224	-0.16729646921157837	0.7182091342889428	-0.1793115320672291	1.7763568394002505e-13
-0.2742922324949464	-0.15281232743142237	-0.25522491335868835	-0.03204585611820221	-0.26923683884869704	-0.07394482311192653	1.0992595722569831e-13
0.14862984169324012	0.0606989602925474	0.34644466638565063	0.15423142910003662	0.3390239080303446	0.16221870570825928	4.840572387365683e-13
0.2714328596424327	-0.04550854858527886	0.2965184152126312	-0.03983968868851662	0.2988885812159524	-0.0006964877780310761	1.124100812432971e-13
-0.4588272010056178	-0.29255381274148085	-0.6294991970062256	-0.22737136483192444	-0.5962201334065929	-0.28421624311577065	1.6431300764452317e-13
1.687951391320206	0.8484748752649764	1.5821311473846436	0.806804358959198	1.596014144578455	0.8242544549934635	1.4210854715202004e-14
1.5282012246443228	0.9020462827795701	1.4237416982650757	0.7855110764503479	1.4179368614584964	0.7867808367830265	2.877698079828406e-13
-0.30305388118527565	-0.013958099568952331	-0.25547462701797485	-0.06945407390594482	-0.28188319889532176	-0.06068535908062497	8.034128917699945e-13
0.8675229539837122	-0.039349775611924764	0.7991183400154114	-0.08613158762454987	0.8271132359522718	-0.10447474365405464	1.3877787807814457e-15
0.09189594326393458	0.4458101981567095	0.11025626212358475	0.42377978563308716	0.10218226348387781	0.4691368711650784	1.4710455076283324e-14
-1.1753979414796474	0.38745284961763304	-1.1242210865020752	0.35551026463508606	-1.14997744471862	0.36939028066362706	1.2789769243681803e-13
-1.1992699901903934	0.7359144396709898	-1.2129851579666138	0.7299338579177856	-1.2325691951065432	0.7411367272030143	2.1671553440683056e-13
-1.5822238812235847	0.6333240689867217	-1.646519660949707	0.660292387008667	-1.6491819027296637	0.6491819860572112	0.00011505758409668942
0.8373279430597864	0.20957578770408625	0.7094300985336304	0.10390237718820572	0.7072325833631216	0.07056661597383906	2.986499936241671e-13
-0.5905072329207601	0.8881776762111411	-0.5648889541625977	0.9065567255020142	-0.5472682857488335	0.9234694480368074	1.8829382497642655e-13
-0.010177502222179946	-0.5453039555159873	-0.07664003223180771	-0.35610517859458923	-0.13546574357985314	-0.36236083946327297	1.0946799022804043e-13
-0.024160763379157846	0.7560348073132788	-0.19687773287296295	0.7229901552200317	-0.16726698007241123	0.7238725106546509	3.135269821541442e-13
1.4055487010451064	0.5149853529184032	1.4029133319854736	0.47758880257606506	1.4170206943885775	0.49857729494832714	7.283063041541027e-13
-0.005381046015792368	-0.9159052631106388	-0.02885950542986393	-0.7974445223808289	-0.042784519943536825	-0.8295183592282542	1.9274616624986862e-12
-0.3648072284869146	0.33706501292738134	-0.4789445400238037	0.24627399444580078	-0.4726195356398845	0.24392030358954736	4.121147867408581e-13
-0.5237904501896216	-0.15983651603660398	-0.5258692502975464	-0.08116359263658524	-0.5428632564165784	-0.1106854780298724	4.121147867408581e-13
1.1381961379987637	0.46972359647767203	1.2051904201507568	0.42633283138275146	1.2247531219687124	0.4338181299145289	2.3092638912203256e-13
0.372591714782494	-0.452958919238464	0.47786158323287964	-0.4249054789543152	0.49255804836186745	-0.5074395634376467	3.8295881766181594e-5
0.9605533474743475	0.6207841818259667	1.157678484916687	0.6227416396141052	1.1494210657744612	0.6248394208208287	2.1671553440683056e-13
-1.5362653548141711	0.9648696138047399	-1.4151142835617065	0.9087895750999451	-1.4932322014409372	0.9989997714287889	1.9492019035283192e-5
-0.8445748202189463	-0.02855547135467451	-0.8052070736885071	-0.017441939562559128	-0.851617278125474	0.013778096101210512	7.549516567451064e-14
-0.2673347787570708	-0.6247570359115595	-0.08403218537569046	-0.7933554649353027	-0.11994721993842627	-0.8800526821420682	9.060559251722333e-5
-0.8051367328140588	0.47841833069506823	-0.7423860430717468	0.48365095257759094	-0.7287892009409213	0.47707940955242234	1.0746958878371515e-13
-1.0632643363438485	0.2289783423388474	-1.1225061416625977	0.1934700310230255	-1.111035053239896	0.16110643351367931	1.9984014443252818e-15
1.264922484219206	0.32283181370262426	1.3397183418273926	0.39813292026519775	1.347390097868002	0.3810605912142865	2.3092638912203256e-13
0.13316924335511393	0.7449864997849138	0.10940921306610107	0.749915599822998	0.11524020870970078	0.7831528163998734	2.915445662665661e-13
-0.47273611716697594	-0.3366679339131977	-0.4108072817325592	-0.2954176068305969	-0.4445774936210649	-0.29318321214491594	2.078337502098293e-13
0.05318316209029028	0.7221539209405781	0.0914880782365799	0.6825934648513794	0.08763572755404096	0.6844613482815927	1.4210854715202004e-14
-1.1138259647516833	0.22979096953712874	-1.1688382625579834	0.3062322437763214	-1.1886532174974682	0.3265247108468671	3.197442310920451e-14
-0.03121646676076839	0.6298928415286724	0.04360364377498627	0.6079262495040894	0.0815245898453107	0.6174994776256695	1.7458257062230587e-13
0.16591550568267444	-0.7180104135238092	0.1518922597169876	-0.7528929710388184	0.19329011926822595	-0.8067084631667824	9.566134102101387e-5
0.5225568388544248	0.5900466041861538	0.6502624750137329	0.8463693261146545	0.665127129314503	0.8572425581940072	2.1671553440683056e-13
-0.27929185887814656	-0.40062113794698817	-0.24980373680591583	-0.4859296679496765	-0.25248670128858114	-0.5123751939973735	1.3529177778082158e-12
0.5117180375186665	-0.30594212758419936	0.4913947284221649	-0.33831900358200073	0.46176062312122157	-0.37038193530238017	2.886579864025407e-13
-0.07905604448005032	0.18778644313596038	-0.012385032139718533	0.45815324783325195	-0.011783634435534639	0.5020357003530901	5.735446839683078e-13
-0.47800313083150625	0.3222790027248701	-0.3563925623893738	0.4148330092430115	-0.3159961912040285	0.4135690165107402	1.5987211554602254e-13
-1.6432060029847904	0.8152527271611951	-1.7028604745864868	0.9148434996604919	-1.7563800877437497	0.956365590218422	3.552713678800501e-15
-0.27315672964010496	0.04296492321705547	-0.38522136211395264	0.11809740960597992	-0.3465218035095417	0.10667356051101783	1.5948353748740374e-13
0.036288913321554706	-0.8489751809042905	0.030830224975943565	-0.8091413378715515	0.03675818525344373	-0.8397730480193981	5.195843755245733e-13
-0.41626839539975613	-0.09174482935920336	-0.49440717697143555	0.04008667916059494	-0.4779270134969653	-0.010910194812708026	2.7555735471196385e-13
-0.04295030459241378	-0.6513481144343092	-0.0606098547577858	-0.6625389456748962	-0.06801652827121084	-0.6685115058264051	9.749145934989656e-14
0.6777965221363536	0.5245136671092478	0.6088742613792419	0.43582239747047424	0.6223119701563995	0.4438118935437234	6.439293542825908e-13
-0.4808401269780802	-0.4271232343423519	-0.42494937777519226	-0.3954920470714569	-0.4397765716065621	-0.4059555405780562	1.2168044349891716e-13
-0.7670606959531994	0.17645236080197657	-0.7231013178825378	0.12186186760663986	-0.6982755772430613	0.10661707931749452	3.2529534621517087e-13
1.065954882454966	0.14115506088094198	1.118303656578064	0.1699327528476715	1.1547439490445053	0.15474488335712822	5.135368774666915e-8
-0.27610050492554716	-0.20599020675711222	-0.32451510429382324	-0.2266816794872284	-0.2888904112091637	-0.2474278684101111	1.7763568394002505e-15
0.38638541374621127	0.7079244676666767	0.5086691379547119	0.8487007021903992	0.5068025091151096	0.866950217472119	2.5579538487363607e-13
-0.8541240914100148	0.7380021955798253	-0.7461147904396057	0.737069845199585	-0.7191362397376414	0.697354115024617	3.019806626980426e-13
-1.4151580653974012	0.8675176081215872	-1.3122265338897705	0.8536458015441895	-1.355691774945605	0.9096312188641641	1.4210854715202004e-14
-0.5690871330233	0.1794351072043101	-0.5618577599525452	0.1826915293931961	-0.558473809210429	0.14832106630748623	2.220446049250313e-14
0.6601199565592508	-0.020048621498260477	0.7038522958755493	0.23928934335708618	0.7021551655528876	0.1977142203691025	3.552713678800501e-14
0.5191017715476947	-0.012703935700863145	0.6060097217559814	0.07442150264978409	0.598260090607623	0.042458119540872814	2.220446049250313e-14
0.21451082304814406	-0.5840242811587355	0.21458309888839722	-0.684069037437439	0.2479344588948594	-0.7520435943917747	0.00039683383315392007
0.5778682287473718	0.03972487902954791	0.5654570460319519	0.10390173643827438	0.5605139985511128	0.07695743451989254	1.6431300764452317e-13
1.581842333120615	0.8358935678033681	1.5802569389343262	0.7833544015884399	1.5845342598949645	0.8041096431303664	1.4210854715202004e-14
0.2843061665508966	-0.49410064710534995	0.2669810652732849	-0.4677198827266693	0.2781726734268174	-0.5020092704677418	4.9968917892329046e-12
0.22318905791242694	-0.6445734703890575	0.23308537900447845	-0.5237266421318054	0.25799004162009537	-0.545042355904168	1.0680345496894006e-13
-0.4229544667899412	-0.0942428072812167	-0.35273632407188416	-0.12140022963285446	-0.3895840522269918	-0.12133735430158572	2.1370127889497326e-12
-0.07520645910047818	-0.658826362748026	-0.11127780377864838	-0.5040300488471985	-0.1298283533653045	-0.5185014080607364	7.105427357601002e-15
0.44379544551188754	0.9824287373290503	0.3736494779586792	0.8751471042633057	0.34598154686479304	0.8935287715571197	2.1405099914773018e-13
-1.2473274077584477	0.2883208717726373	-1.3069682121276855	0.35336896777153015	-1.3180339629823516	0.3567000826913485	3.6415315207705135e-14
-0.5409877368388596	0.07406050630962624	-0.3127581477165222	-0.14019259810447693	-0.3224400803551892	-0.15545510374747915	2.000621890374532e-13
-0.052856357782918195	0.41997964433930357	-0.12520062923431396	0.4320008456707001	-0.12704696975219434	0.4776795148996227	5.631051180898794e-13
0.07282980837695163	-0.0971862138766939	0.1579492688179016	-0.16459941864013672	0.09998264473732547	-0.1368117013034918	3.0953017926549364e-13
0.4620182030196971	-0.06064974667026579	0.44620516896247864	-0.18694420158863068	0.4005081344839238	-0.21424026552893838	5.773159728050814e-14
-0.7518518327978936	0.7072219039136776	-0.7123977541923523	0.7392702698707581	-0.7063862497718547	0.7350261226952589	4.618527782440651e-14
-1.4511369542345354	0.9569337173394006	-1.3615679740905762	0.8924666047096252	-1.4250658722655256	0.9716400423078962	8.881784197001252e-14
-1.313452164477689	0.5363856151536743	-1.2954219579696655	0.6002146005630493	-1.31643489307112	0.6116357250835058	1.3145040611561853e-13
-1.3255532131681083	0.6227112369846368	-1.3754717111587524	0.6045079231262207	-1.405696858632282	0.6128808379270066	5.258016244624741e-13
1.132787771733876	0.5344163546487648	0.948104202747345	0.3466106653213501	0.9626296754307473	0.386027104331798	8.881784197001252e-14
-0.5683407116780419	0.04983058050355038	-0.47356095910072327	0.00731850927695632	-0.5074627907105155	-0.015782114833983965	6.439293542825908e-13
-1.508460347724161	0.9517236908683877	-1.478360891342163	0.9125276803970337	-1.5772866595211195	0.9989998444936492	0.00029585796092135297
0.6782597703935669	-0.06295346339601404	0.5565250515937805	-0.27887266874313354	0.5219657310744135	-0.3137711343035159	3.774758283725532e-13
0.6131743102415061	-0.028436067269692833	0.3748582601547241	-0.21292011439800262	0.4031641534510811	-0.1952666697126907	8.37108160567368e-14
0.41448569818279557	0.13258242946411136	0.32653573155403137	0.2506368160247803	0.3188589642412675	0.2736894150695974	1.8207657603852567e-13
0.3974956052107639	0.45445175670762916	0.31643515825271606	0.4891831874847412	0.33225878868106257	0.5028673829380741	2.5934809855243657e-13
1.4977127724423176	0.8158372402814493	1.585375428199768	0.8550469279289246	1.5668876866249026	0.8460398718425877	5.826450433232822e-13
-0.8875616864237617	0.1825839292611695	-0.6861109733581543	0.018161863088607788	-0.6502149029950693	-0.020704420825539808	5.901182320577902e-14
0.2804711222528198	0.2913272218191958	0.28562235832214355	-0.038482215255498886	0.24977864661336796	-0.057007826069613125	3.431976924872515e-14
-0.15695010181278946	-0.13150818122722008	-0.07886634021997452	0.11351435631513596	-0.0746086718266019	0.1038472626062237	1.2617684674864904e-13
0.2234297821161073	0.3038528394058049	0.150045707821846	0.4396299123764038	0.11198881113230777	0.4608904689436037	9.681144774731365e-14
0.5903393891519961	0.3987434958836149	0.6875975728034973	0.5044754147529602	0.6620410004510475	0.4849499713805319	3.161915174132446e-13
1.8331181168530195	0.9953325222502394	1.7638568878173828	0.9384252429008484	1.8498126203745415	0.998999962821211	0.0018296306956386843
0.004985784406231097	-0.045213501285934043	0.23391947150230408	-0.0014727191301062703	0.2923100366200301	0.046500108526140886	3.3187211659346794e-14
1.3009102872133438	0.6644035078760031	1.4923477172851562	0.8317567706108093	1.5177043842930766	0.8521952022660448	2.3092638912203256e-13
-0.25168220905436955	-0.3762606993999056	-0.3117339313030243	-0.3419923484325409	-0.3383482626326348	-0.3766854591640417	1.8474111129762605e-12
0.6504922088350082	-0.03957605456099156	0.7339633107185364	0.019557423889636993	0.7589193802572936	0.025762295926180984	1.2562520468328842e-13
-0.6855005267824534	-0.23612875428980673	-0.8000767827033997	-0.09302785992622375	-0.790582485997723	-0.09813456793869955	5.88418203051333e-14
0.6539193227582518	0.012237077216770142	0.6828322410583496	0.06301601976156235	0.7358934209358681	0.10808306114969622	1.4210854715202004e-13
1.2546726229947542	0.957366372368003	1.309736728668213	0.9417065382003784	1.3488251714336426	0.9989999530312079	0.0009129252426021139
-0.7548062893067238	0.5926904069892214	-0.7394742369651794	0.5897751450538635	-0.7510226009859137	0.5986974840219701	2.3092638912203256e-13
-1.148098153547659	0.2754358943975135	-1.3625421524047852	0.4079953730106354	-1.3336100072555686	0.3839108227156996	3.489653011001792e-12
0.8846872511447801	-0.060010300640314096	0.8830463886260986	0.007267233449965715	0.8989686026634232	0.0051381886233901365	2.4631880736480927e-13
0.870639330208141	0.2155805195220366	1.049475073814392	0.4078472852706909	1.0520315284323896	0.4072457374506165	7.105427357601002e-14
0.42389575832139226	-0.5488642701379507	0.5263916850090027	-0.38035711646080017	0.5717815069703839	-0.42821819069340916	4.984485456205334e-5
-0.5278435248565421	0.02029256347410424	-0.5743986964225769	0.02369549497961998	-0.565535889786131	0.00460115807485509	3.0872873701959236e-13
0.3436674340086614	0.4786332047060802	0.3720037341117859	0.46733197569847107	0.37405689165362305	0.4584968565750169	6.039613253960852e-13
-0.09223102520216298	0.32514121214078506	-0.01827121712267399	0.266681045293808	0.004123782674578771	0.2568513720753721	5.115942391942241e-13
-1.7064497812382053	0.9895003490918175	-1.6592391729354858	0.9651656746864319	-1.7413915906993906	0.9989998687019807	0.0021888362681750095
-0.6392766365335683	0.8415107427694648	-0.6702499389648438	0.9438645839691162	-0.6995089952435207	0.9989999200405133	0.0005057074761509739
-0.22198387448171575	-0.16850874708604824	-0.2501000761985779	-0.060868315398693085	-0.2682856384060256	-0.0914867006355469	1.246017178324621e-12
-1.303044101146341	0.5551202816621983	-1.513649582862854	0.7957005500793457	-1.5134740051901212	0.8020389512273975	1.4210854715202004e-13
0.884182611003792	0.6166443984581165	0.9750007390975952	0.5950620174407959	0.960885556967208	0.5832804613074108	8.881784197001252e-14
0.006956124857140811	-0.14927696301352356	-0.08724161982536316	-0.0746205523610115	-0.09744263615183023	-0.057139446624933816	2.4186208591459035e-13
-0.4832753492882573	-0.21133620733728176	-0.6221292018890381	-0.24139881134033203	-0.6368528813998459	-0.2500704669297541	3.552713678800501e-13
-0.2291493372084874	-0.5792659157338824	-0.1456660032272339	-0.53081214427948	-0.15440352821251604	-0.553359561755588	4.440892098500626e-13
1.0408346049619746	0.8575399105923422	1.052588701248169	0.802359938621521	1.044050517561449	0.7988169206561726	5.826450433232822e-13
1.5742235823933877	0.5794286296326447	1.5628166198730469	0.5921897292137146	1.6028046352331848	0.6039134298118023	1.420161968468392e-6
0.7633326130740818	0.20149245344104405	0.9462416768074036	0.38366812467575073	0.9498014884329529	0.37063475424963577	3.552713678800501e-13
-0.033988891382970454	0.15716786299326135	-0.07521858811378479	0.16851235926151276	-0.10242052469492918	0.1563011249963896	7.216449660063518e-14
0.1239572901616377	0.1357963920429286	0.027692068368196487	0.06561651825904846	0.06736186967678294	0.10053635191971855	1.2277401317817294e-12
0.054292362485306445	0.6265804700989361	-0.05794081091880798	0.672660768032074	-0.05421422626011609	0.6667774715761104	5.852263118555356e-14
-0.9649646602648696	0.005647393090938868	-0.9263341426849365	-0.03379102796316147	-0.9691234365790647	-0.03087653361026665	0.0003955988442447961
-0.17748544785845333	0.7980293475429445	-0.12569740414619446	0.7981046438217163	-0.10717942780492205	0.8351362986767334	9.103828801926284e-15
0.6341941658314822	-0.18714333773706882	0.6097452640533447	-0.20549453794956207	0.6195387977302652	-0.20390478926392852	9.08162434143378e-14
1.0320930509780077	0.39945507043152695	0.9187580347061157	0.25621479749679565	0.9385066708187052	0.2309114105924314	1.2878587085651816e-13
-0.17782501262709394	0.887508890756775	-0.2458171248435974	0.7764935493469238	-0.2457418569315223	0.7790598620469321	1.0880185641326534e-14
1.2293315820337187	0.6976639340626387	1.2986161708831787	0.6613017320632935	1.2884666487342085	0.6540799592718288	7.283063041541027e-13
1.0767040385744768	0.1251332636901874	1.2961781024932861	0.3764820694923401	1.328482233620394	0.39616622524017236	9.530154443382344e-13
0.45278494865615837	-0.39969714546255775	0.4810187816619873	-0.38952526450157166	0.497791032983813	-0.4280448404522519	1.8207657603852567e-13
0.7764283021515483	0.9382698732986421	0.8870599269866943	0.925297200679779	0.9095627350488003	0.9715072583000691	6.039613253960852e-14
-0.4875576141973599	-0.4730549663164916	-0.41048702597618103	-0.5128567218780518	-0.45645740807447893	-0.5435423836685828	0.00014051867294373466
-1.4743162546771993	0.9202245023459337	-1.5109206438064575	0.8912965059280396	-1.5931664463181539	0.9919137200218681	1.3393730569077889e-12
1.0345534895154263	0.2469138756283551	1.0484539270401	0.24553529918193817	1.0719060665480822	0.24470606574647608	1.3167245072054357e-13
-0.11988248428065784	0.6614284321011878	-0.11888859421014786	0.6649064421653748	-0.11463367896829618	0.6957103440324961	3.247402347028583e-14
-0.14289835984205457	0.6449041670505049	-0.2538967728614807	0.7038870453834534	-0.23340883686642674	0.7258708106432008	1.4566126083082054e-13
-0.6873148398145563	0.22081953034966628	-0.4495745301246643	0.07833249121904373	-0.4126172692364605	0.05679247221150735	2.3592239273284576e-14
-0.3101017802530541	0.4144762845376564	-0.3651830554008484	0.38048386573791504	-0.37199748148774686	0.3803628246911992	2.708944180085382e-13
0.1964061693100594	0.032488837272784066	0.2688068151473999	0.03952152281999588	0.24427217369054957	0.04737173969726191	8.161527009775682e-14
-0.2123255572499514	0.562534567147063	-0.18815435469150543	0.42174458503723145	-0.19901853925917837	0.40388652204744424	3.2529534621517087e-13
-0.7475375915974802	0.5408318072837108	-0.6191839575767517	0.6462149620056152	-0.5969414377402845	0.6302982029852466	2.842170943040401e-14
1.2748730601920482	0.6661181228189139	1.3778676986694336	0.7588552236557007	1.382104894606774	0.7702677238815521	1.1368683772161603e-13
-0.8947935785821466	0.7326818565434328	-0.8292819857597351	0.8022370338439941	-0.8699053987568216	0.8457430975482164	5.151434834260726e-13
-1.785338731853559	0.900923430424688	-1.7229084968566895	0.8821806311607361	-1.8369294757005876	0.9989998727988841	0.00035435061619182306
-0.13795228183592467	0.09324430234700243	-0.10238417983055115	0.20496498048305511	-0.15285471057953945	0.1834764349589907	1.7586487821574792e-12
0.2702778369932548	-0.5099132661170886	0.22057999670505524	-0.2876721918582916	0.22519493213756098	-0.2913914645665612	1.5270007480694403e-12
-0.059885722507810435	-0.030030939564726022	-0.0787801444530487	-0.07438334077596664	-0.10759229609045522	-0.09919298294610052	1.5126788710517758e-13
-0.6078520229936184	0.7533092827718171	-0.6458275318145752	0.8043876886367798	-0.6323255493442699	0.7598326499050935	1.1368683772161603e-13
-0.08883715599408282	-0.46530971941598764	0.024963853880763054	-0.2048947811126709	-0.004176650864046957	-0.24413430596767047	4.626334038082547e-13
-0.4608035842608147	0.7379798850368511	-0.6376632452011108	0.873349130153656	-0.6165581275685732	0.8653309662124589	5.684341886080802e-14
-0.2903381774176741	-0.18473223797870464	-0.024413028731942177	-0.4557231068611145	-0.043799950759749275	-0.46955374967016605	5.118475088217167e-14
0.5763107736639643	-0.043347714078423305	0.6404765248298645	0.053610604256391525	0.6507418378010658	0.08180568956558747	1.1329825966299722e-13
-1.780975334291711	0.985451038063327	-1.6460270881652832	0.8831135630607605	-1.6726122456958123	0.8980936445971701	4.618527782440651e-14
-0.1999230295124068	0.49483849684208314	-0.06217433512210846	0.2999953031539917	-0.09158023510884726	0.3116376177310217	4.1390502136806617e-13
0.7900643964741576	0.5182902932522748	0.8073898553848267	0.5576110482215881	0.8402752464121374	0.5932410021597171	0.0
0.22118565613174113	-0.5005354903262078	0.13262152671813965	-0.4388883113861084	0.14475443435358518	-0.44049140779219303	1.9984014443252818e-13
-0.7147716158149695	0.8634859108094304	-0.7143852114677429	0.8448736071586609	-0.7259089047803404	0.8592722885518276	6.394884621840902e-14
-0.3109609093509036	0.15713923444735545	-0.33447059988975525	0.22148087620735168	-0.3352239885896519	0.22995186264833353	1.887379141862766e-14
-0.7948625766859818	-0.20306423663488848	-0.9038954377174377	-0.054167721420526505	-0.8973125669790537	-0.10268718388789469	0.000340652238334585
-1.8908735658224045	0.9126751295244933	-1.8071781396865845	0.8316001892089844	-1.8898669548915772	0.8916238918140152	1.5653348839350656e-7
1.416093280922869	0.45456557165132416	1.4629008769989014	0.48096370697021484	1.5001776781019562	0.5001781853104385	0.0002372162772923403
-0.17860475631456962	-0.3239113633886235	-0.0535849928855896	-0.3363795876502991	-0.06519649161777649	-0.328771323886151	6.851463840717997e-14
-0.3642631123200024	0.1389020595810293	-0.26739585399627686	0.07407008856534958	-0.29528901763445564	0.08935548804558202	4.3576253716537394e-14
0.36143481041481484	0.2585861505176561	0.308353066444397	0.30514761805534363	0.3141019126066638	0.2884070111448873	2.4797941478027496e-12
0.004073813584308361	0.46053108252288544	0.10961572825908661	0.5489965677261353	0.08379875035544423	0.5464127448778978	3.8596903451093567e-13
-0.13184173436226887	0.0745614256349918	-0.08455589413642883	0.23445557057857513	-0.10232413027650793	0.24566557793026617	2.313704783318826e-13
0.9045843455002198	0.8228403520296654	0.9297204613685608	0.8724369406700134	0.923850004317361	0.8758429173903831	3.552713678800501e-14
-0.5575983229910815	0.7055659438230031	-0.529705822467804	0.7994958758354187	-0.505165414208625	0.7652344944585247	1.4210854715202004e-14
-1.251001558524576	0.6120784602174132	-1.0973061323165894	0.5097606778144836	-1.0822246096237222	0.5055295825770821	1.3145040611561853e-13
-0.5890900054892256	-0.13740844506333927	-0.572887122631073	-0.15627601742744446	-0.605985836799177	-0.1676728263749779	3.019806626980426e-13
-0.20036204047169015	0.865522757458075	-0.1456109583377838	0.785336971282959	-0.12579559207223887	0.7871056990933859	3.552713678800501e-15
-1.2466134140631424	0.9240050131726694	-1.1657238006591797	0.8521555066108704	-1.1736618453226173	0.8632201930993444	8.881784197001252e-14
-0.12519113877058707	0.1026246533849886	-0.04603295400738716	0.032807204872369766	-0.06175832125748051	0.032243804130750064	1.2025103135471227e-13
1.4339943309826468	0.8267736482763257	1.4080660343170166	0.8370569944381714	1.4214192101752328	0.8563914862383052	1.4210854715202004e-14
-0.1138613747305568	0.5352397389394827	-0.09138023108243942	0.5509837865829468	-0.08812590385978249	0.5455875045772969	1.593447596093256e-12
0.7516185399028017	0.21428110663533273	0.5497689843177795	0.11809684336185455	0.56106607518446	0.13895408182371394	1.3877787807814457e-13
-1.0218276641286743	0.9584026125467262	-0.9438791871070862	0.8475738763809204	-0.980275890189153	0.8659901771505287	7.105427357601002e-15
0.13976218307579424	-0.7648869123179858	0.1165461391210556	-0.7667708396911621	0.13698344037557122	-0.8630152825221605	6.06016785443253e-5
0.22358617783866208	0.9941468199000683	0.18568025529384613	0.851105272769928	0.17090856574274135	0.9173395982669216	2.815525590449397e-13
-0.5313668949524271	0.5518673132825445	-0.5250521898269653	0.5262804627418518	-0.526009930327112	0.5259982658984389	1.7408297026122455e-13
-0.7577414365053272	0.029268626089542726	-0.7261261343955994	0.043552666902542114	-0.7043369148513683	0.054852902610809884	3.6615155352137663e-13
-0.823563965058359	0.04412216477877107	-0.7821078300476074	0.08921670913696289	-0.787888489517106	0.12344574224213557	1.1102230246251565e-13
0.6943535054426611	0.09374266041826718	0.6951810717582703	0.12598158419132233	0.7042160572401092	0.1245998001926128	1.2634338020234281e-13
1.2904305947132575	0.5165390055012806	1.1955574750900269	0.3615027368068695	1.213407393696307	0.3880812570364761	1.5489831639570184e-12
-1.3829081424605363	0.8300450431169291	-1.4119980335235596	0.9073386788368225	-1.5133889078248806	0.998999782473763	0.001101401337511021
1.6826267737649796	0.9129556073272738	1.6469110250473022	0.8778132796287537	1.7192602450290573	0.9600164310316823	1.1368683772161603e-13
-1.2848023858094928	0.4385533020704089	-1.240814208984375	0.4879634380340576	-1.2746712511936416	0.5077286023025935	1.8829382497642655e-13
-1.0981313823660521	0.30104925291362683	-0.8353974223136902	0.13477009534835815	-0.8584149405162476	0.15598269017404442	5.417888360170764e-14
0.126742698783465	0.7957519427152433	0.17271621525287628	0.8297979831695557	0.13517937303272914	0.8386992124398636	5.757616605706062e-13
-0.2543775352869879	0.3094164215359765	-0.1626589596271515	0.32372575998306274	-0.13722973394263335	0.3331569382800637	1.7985612998927536e-14
0.5001181585490513	-0.4049871447783284	0.38066503405570984	-0.4264035224914551	0.38465510489775867	-0.4757054462051355	1.1546319456101628e-14
1.2685151193486819	0.9717684437866796	1.2784264087677002	0.9414426684379578	1.329746485154094	0.9989995253417924	0.001949279577051044
0.06018490368017826	-0.7691667693396822	0.15261192619800568	-0.5914486050605774	0.16243028952288047	-0.6146517484326846	2.0605739337042905e-13
-0.2572758184847328	-0.202648355897467	-0.18455302715301514	-0.07001139968633652	-0.20096341655095462	-0.08512506867403617	2.779998453661392e-13
1.1271152743418433	0.6272300948278362	1.1206128597259521	0.6027387380599976	1.113661500240361	0.5648595694315485	2.2737367544323206e-13
-0.5780750479345302	0.04035094046601073	-0.4832414984703064	-0.024232767522335052	-0.45324801104114754	-0.047534844826399	7.195632978351796e-14
0.2159851108919253	0.9503720411290246	0.19759970903396606	0.9252815246582031	0.18641152941724093	0.9989999168440228	0.0011982726261310361
1.0562048529938823	0.06275466802981633	1.1145182847976685	0.16892290115356445	1.110495568964709	0.11049681895876533	0.00016216281970926616
1.3310286250141026	0.5027133326594624	1.339197039604187	0.5447074174880981	1.3797926197521035	0.5696413465426355	4.121147867408581e-13
-1.6117461626915466	0.8318456845105533	-1.5591983795166016	0.8063710927963257	-1.5223658022127438	0.7693036745093272	2.2737367544323206e-13
-0.4199106177192693	0.7644481023737124	-0.3553824722766876	0.6393015384674072	-0.3416350703447116	0.638972652093731	7.105427357601002e-14
-0.68259254326885	0.45283170938016304	-0.7098935842514038	0.33076733350753784	-0.7133873945076136	0.3153369471653549	1.4530598946294049e-12
0.4492444996198408	-0.09568689927688556	0.6399234533309937	-0.014882023446261883	0.6133299101820118	-0.025811792614263442	3.7187267154514814e-13
0.46499297044156584	0.34885589707697107	0.6208271384239197	0.40700194239616394	0.6687302621022629	0.45087624676176385	1.4210854715202004e-13
-0.2854614105774913	-0.6768061587904113	-0.33578991889953613	-0.5550894737243652	-0.3892247138120669	-0.5580344302431468	1.0302869668521453e-13
0.5233610655950192	0.1630994751751884	0.5131690502166748	0.28098902106285095	0.4972013890943028	0.25594806062251013	4.618527782440651e-13
-0.9373257258298984	0.6122581831018494	-1.0415418148040771	0.5810973048210144	-1.0623893045572608	0.5802191068574393	2.3092638912203256e-13
0.2439181875833838	-0.5399638533818654	0.30454662442207336	-0.4394855499267578	0.2937801863485555	-0.4746946827379349	9.068301665138279e-13
-1.19048920996376	0.8638659348821147	-1.194554328918457	0.8168759346008301	-1.2064226444319754	0.8351745637229918	4.440892098500626e-13
-0.3002938939223565	0.248749721059764	-0.4402989149093628	0.23141585290431976	-0.43328720652583347	0.22019424975217555	1.4233059175694507e-13
0.7433577945045275	0.9589313919785625	0.7117884755134583	0.9253001809120178	0.7322697849193244	0.9989997695443794	0.0004413347631171405
-0.37435258195984034	0.7303169014981696	-0.32369720935821533	0.7522406578063965	-0.3377753651479335	0.7410130776139178	3.455014052633487e-13
0.5562252572596087	-0.17321867330844753	0.564594030380249	-0.25609421730041504	0.5682947382357675	-0.2917045383108498	5.551115123125783e-13
-0.6720054213150837	-0.08105770056480233	-0.5555684566497803	-0.17856158316135406	-0.5562152297954107	-0.19579991978117758	1.7763568394002505e-14
-1.739976688244946	0.8634812208605496	-1.6013290882110596	0.761519193649292	-1.6107373303384656	0.7616054184931722	5.115907697472721e-13
-0.1763667420476387	0.9274785866275799	-0.05521760508418083	0.8842794299125671	-0.04415262006104559	0.998999967368406	2.2469212161979613e-6
0.3020648892797717	0.8389564597150974	0.33777907490730286	0.9194167256355286	0.36670742517196003	0.9989997994698526	0.00036909462986400854
-0.8871047662247671	0.9918419998015067	-0.7037090063095093	0.8830225467681885	-0.7000673450252207	0.892701512416365	5.684341886080802e-14
1.0807521198297865	0.27105969581793987	1.1267865896224976	0.3213299810886383	1.1588654677986763	0.32920502878144714	1.1093348462054564e-12
0.0954152276398923	0.016044418663368143	0.2483447790145874	0.13411198556423187	0.2620595356242581	0.16430161144652008	1.638689184346731e-13
-0.23883494469725086	0.5920223382603611	-0.3269033133983612	0.7629241347312927	-0.3133991683863087	0.7486901952096249	1.8207657603852567e-13
-0.8959658868952034	0.2851384547664897	-1.0441279411315918	0.4679917097091675	-1.0383472344607292	0.4650014837057877	5.773159728050814e-14
-1.4500006373411782	0.6290148483553044	-1.3846584558486938	0.5713793039321899	-1.4494100348831347	0.6103496959471111	1.4210854715202004e-14
-0.7251181984738038	0.25331419007031286	-0.7677550315856934	0.4513481855392456	-0.7798157298625188	0.41834223820892835	3.2862601528904634e-14
-0.1430401453964567	-0.6160613855074868	0.04977516084909439	-0.5818586945533752	0.022349090903249665	-0.5991501036378767	7.514128208541138e-13
-1.5738233432552038	0.9899881851838623	-1.6060535907745361	0.9453901052474976	-1.7133589616328508	0.9989999144447211	0.0030120207426591605
0.7242580716536966	0.9888609186602697	0.674659252166748	0.795914351940155	0.6376304354170538	0.7868658257881835	3.765876499528531e-13
-0.6480471947727597	0.06335842182820017	-0.7557161450386047	0.12365351617336273	-0.7418945580790026	0.07420955234162202	4.321543123353422e-13
-1.201451900640734	0.5284191396087297	-1.2277469635009766	0.5009101033210754	-1.19827108093074	0.4643131659697177	3.019806626980426e-13
0.48009690648176573	-0.13676541837788436	0.480671763420105	-0.12776128947734833	0.5184496053320864	-0.14400865892317768	1.0680345496894006e-13
1.087676791820316	0.3529178214769009	1.0290504693984985	0.38478055596351624	1.0431007706417559	0.36976095779353163	6.483702463810914e-14
0.9092008300346	0.9417761751561553	0.9103660583496094	0.7957609295845032	0.9042512965853163	0.7758306416130579	3.552713678800501e-15
-0.4131892325352142	0.07384310023746443	-0.3461514413356781	0.11181917041540146	-0.3428417358947291	0.1233451846772883	1.3589129821411916e-13
-0.6334879454528699	0.5210446022214106	-0.6745638847351074	0.4808911681175232	-0.6703750945739032	0.4644150150970953	1.5365486660812167e-13
1.1646578861287664	0.34580900980869433	1.1723055839538574	0.42422255873680115	1.165099492626128	0.3949209753941591	5.435651928564766e-13
-0.9936470942557141	0.41252784165729905	-1.0850064754486084	0.5240926742553711	-1.0982515164572597	0.532143479612393	6.146194664324867e-13
-1.0820335637749539	0.5259660520913436	-1.1004352569580078	0.46679550409317017	-1.0863481776009871	0.46693097085887636	7.105427357601002e-14
0.2788611226438591	0.2717566331796666	0.26862993836402893	0.18031999468803406	0.2717530246172861	0.1728894283338463	5.706546346573305e-14
-1.2936915184641444	0.5776105231722217	-1.3252112865447998	0.6442770957946777	-1.3335630573101411	0.64667055172627	6.039613253960852e-14
-1.1737237439601427	0.7025080708300024	-1.0426726341247559	0.7208154797554016	-1.087615930147585	0.7449099154092742	5.258016244624741e-13
0.322623892395975	-0.6478756501364822	0.1990833282470703	-0.7201647162437439	0.24641039299140013	-0.7535894835217144	0.0002189760949038444
1.093387323585822	0.4118347787585208	1.0479438304901123	0.27243998646736145	1.074468599871746	0.29104818866143295	7.904787935331115e-14
0.4090119026154251	0.8877539662865435	0.33088240027427673	0.8565840125083923	0.28955182018442066	0.8710503975492536	1.1546319456101628e-14
-0.5639310727464788	-0.3455947667932975	-0.5249828100204468	-0.11038253456354141	-0.5642742420331034	-0.1010566077527657	6.231126725708691e-13
-0.10394794555835318	-0.06110704746799578	-0.15572260320186615	-0.10558607429265976	-0.15011189554336216	-0.10596543138386834	1.9761969838327786e-14
0.3272539569557207	0.5871042466956149	0.4277132451534271	0.5829958319664001	0.42970929349021514	0.6017206712556132	1.3589129821411916e-13
-0.17323797181066158	0.707152931164152	-0.22414995729923248	0.664642870426178	-0.22091493441434537	0.6671647486102135	3.597122599785507e-13
0.6389446290304472	0.9401579296810285	0.6622176170349121	0.9116239547729492	0.6779214106610039	0.9596568097166288	1.4210854715202004e-14
1.5191394435820946	0.6184234208477144	1.6471912860870361	0.700248658657074	1.6248197508290942	0.6732301756466926	5.258016244624741e-13
0.764330603408677	0.08016693622531612	0.7879939079284668	0.20024919509887695	0.7780146193854488	0.19352543514211157	7.054357098468245e-13
-0.6654078416336073	0.07176716774581204	-0.5839906334877014	0.026298237964510918	-0.5820647690908517	-0.022628528821879334	1.9534721062974825e-13
0.9801235273027795	0.3498602666380488	0.9242643713951111	0.3251549005508423	0.930324492455448	0.34776629233014633	3.019806626980426e-13
0.28740867089943745	0.8781921802160424	0.24104174971580505	0.9140912294387817	0.2288779221703748	0.9989999730357881	0.0002978645214604114
0.14515943112123963	0.4722797995254613	0.23666176199913025	0.28806936740875244	0.24828214628498493	0.3527428570731839	2.389199948993337e-13
0.10779873510356319	-0.05331149758216491	0.02318090759217739	0.0488746240735054	0.03550046627647287	0.02794451426954671	7.431173731919927e-13
1.3128489026737213	0.5328867790721372	1.3130598068237305	0.5962079763412476	1.3204303604838183	0.5948478068459097	4.121147867408581e-13
-0.8821779490129305	0.8902843582576325	-0.8326347470283508	0.9459214210510254	-0.8960059426044349	0.9989998212182627	0.0014065204180226942
0.37520280804630435	-0.0820318093792276	0.2712330222129822	-0.02355784736573696	0.31059148801849934	-0.03939399933590424	2.220446049250313e-14
0.42436586299541235	0.9462704803721094	0.40377235412597656	0.8550441265106201	0.4098566304195173	0.8559775015577011	1.6431300764452317e-13
-1.1444917731848685	0.14482566986464085	-1.096644639968872	0.14031587541103363	-1.0975563390484748	0.10190720861980859	0.0
-0.6753583478477547	0.8189191598728678	-0.6904318928718567	0.725686252117157	-0.7129443400055067	0.7539157376394461	2.8421709430404007e-13
0.508518234024133	0.9369212030403811	0.5245635509490967	0.8844812512397766	0.5279463960500744	0.9665654887257688	1.7763568394002505e-14
0.8049556367271578	-0.12612816786254144	0.8770221471786499	-0.02021414414048195	0.9423566704149153	-0.0030679474934336226	3.557654171260083e-12
-1.699861345658296	0.881717760627081	-1.6584519147872925	0.9034002423286438	-1.6648954686886794	0.9092801014661575	1.7763568394002505e-14
-1.4641260049947107	0.8257330012994721	-1.38583242893219	0.7372719049453735	-1.3850870708990481	0.741382426000087	5.684341886080802e-14
-0.8697074551939039	0.5657169880547246	-0.7669726610183716	0.5678058862686157	-0.7682763282467426	0.5477034946363556	2.5934809855243657e-13
0.4282866987469358	-0.45404949102955294	0.5831995606422424	-0.3235362768173218	0.6046799131449104	-0.39531931241375623	8.077678685936007e-6
1.1839318426063743	0.8176596513357712	1.1006501913070679	0.774899423122406	1.1011627688459678	0.7653998484606144	7.851497230149107e-13
1.193297477770355	0.562999199400301	1.176682472229004	0.5516590476036072	1.1600129516503095	0.540790136145245	7.105427357601002e-14
-1.3202422134075857	0.8814225118645005	-1.3398677110671997	0.8994266986846924	-1.4153735825215363	0.9989999592350267	0.0006736132873506051
-0.358593564054309	0.9341921635779868	-0.3740667402744293	0.88493412733078	-0.3529587446251783	0.8626242230485963	2.0339285811132868e-13
0.34281751595828025	0.6534159440436373	0.42846059799194336	0.685703694820404	0.40854258699131973	0.654864513359257	2.0685675394815917e-12
0.6525656321148983	0.25525842968617485	0.6719267964363098	0.3359065651893616	0.6972610080132872	0.3306485847338295	3.552713678800501e-15
-0.8178394017924151	0.1958592279947231	-0.8422917723655701	0.3078821897506714	-0.9031389600016346	0.3480737668585758	6.039613253960852e-14
-0.8952654815274173	0.15322813048607675	-0.945897102355957	0.14127257466316223	-0.910796849097588	0.10545900330608274	4.0523140398818214e-13
-1.0788772638311852	0.9294018205150789	-1.1121244430541992	0.8453150987625122	-1.1344553222249176	0.8670542516999443	2.4158453015843406e-13
0.4172796338418121	0.9870390831260059	0.4616492688655853	0.8435695767402649	0.4625227470255663	0.8333852227682026	5.684341886080802e-14
1.11390656915734	0.7758742903857809	1.0475467443466187	0.8106573820114136	1.0569292397767094	0.8083709755311859	1.4210854715202004e-14
-0.9746173946044148	0.7833617144185308	-0.8913806080818176	0.8400368094444275	-0.9193199509430796	0.8630245081983993	2.877698079828406e-13
-0.4948715434029194	0.13627293132924034	-0.38310131430625916	0.13849113881587982	-0.3987021225187306	0.11828035792080205	3.9457326295178063e-13
0.9020039800628838	0.08411830771485196	0.895089864730835	0.12793615460395813	0.9255999952511809	0.13044213994024692	3.446132268436486e-13
0.0784463968639515	-0.545757797765994	-0.014328495599329472	-0.41728562116622925	-0.031958350773336135	-0.44410134616193647	1.27003442484952e-13
-0.04854845518877138	0.07303546727887378	-0.057359740138053894	-0.01220291294157505	-0.04224524354333424	0.014676344614842	7.241429678117584e-13
0.7854307365271205	0.6583757725710613	0.7417705059051514	0.6185479164123535	0.7717459650110995	0.610570813939508	1.7763568394002505e-14
-0.8221464609736997	0.4283695842131545	-0.7513296008110046	0.47479113936424255	-0.7389695499066562	0.4587773738431133	1.2079226507921703e-13
-0.3199075205998647	-0.5306879879527266	-0.3471197783946991	-0.47560080885887146	-0.32924895817829963	-0.517282544789341	3.9523939676655573e-13
-0.32197880135755375	0.14136502820849994	-0.28662294149398804	0.07999366521835327	-0.22043628117194738	0.09428376503256064	1.3061773884714967e-13
-0.4240011710703593	0.9937901230785602	-0.44012343883514404	0.9501943588256836	-0.4625392200106123	0.9989997386131007	0.0008133875170557303
0.1727172875071612	-0.4918157265109455	0.03128156065940857	-0.6080173850059509	0.024906289328971647	-0.6473527723228701	3.309852392163748e-14
1.4939010735308869	0.7072069350870485	1.5045956373214722	0.6985746622085571	1.4734930538727882	0.6722740190254219	3.019806626980426e-13
-0.7374261745858024	0.7262810251063536	-0.77376788854599	0.7758752107620239	-0.7963435063249313	0.7937034282955733	6.394884621840902e-14
-0.8229043172903046	-0.14719519015854776	-0.8297983407974243	-0.1031450405716896	-0.8850737067790285	-0.1149245817019755	1.0155077723172923e-8
0.5822112525485963	-0.3321625722491306	0.5613358020782471	-0.1861848682165146	0.556015206751533	-0.17722133090264228	1.5476508963274682e-13
0.8290298802491378	-0.17007730433083412	0.9368222951889038	0.03411191701889038	0.9804685289506406	0.061088905779548175	1.914163272331848e-13
